975523
2140089
22678770
8291502
20984422
27858913
2102337
5470984
5652676
11152490
6005764
10261571
22109004
23190028
8960268
20065191
10545825
20085848
5665953
23695049
1293285
18059156
21088431
3708783
21795767
8048275
17478686
27370510
17132080
19989659
4349752
20525164
21436535
14671267
27577850
7728361
3155089
11981428
17883526
4599160
11674131
27432122
10844957
6104596
19366375
1053265
5622693
24609972
25506996
4360098
26449806
18710120
3124608
12173851
7893991
2393732
7494097
5860660
4279639
27813248
3569537
11970360
18925608
7012571
1293497
24507099
14916626
7448922
16203514
5538301
19499691
1921574
20835193
19898496
1792257
9189592
26588712
2298695
21642662
14969990
27634500
13848300
940701
2689994
13388560
16719080
13832305
1476392
9571055
3418083
21199336
8338947
28518872
3244863
18183119
22046996
7291995
2320707
21025652
1940210
7472911
12288015
15372694
6488364
6105515
5284172
15042932
12753055
6428894
15391178
13466863
10147211
5575083
17521962
10953137
2449775
11580556
12128281
3401487
9066230
8896143
1232205
3457714
2150246
5831901
11805662
18486963
26118640
15039166
19982792
19953760
3885866
12690312
14369554
5453313
26507555
9605405
3466176
18483880
1051964
11955994
14160928
25374415
9823521
19523436
16048642
3474146
4921050
24123900
7190174
25076732
18762276
16726062
20840823
15068083
14914732
23044801
7701870
10370861
15777830
27510809
28136657
4045351
6971051
4478419
28107028
6481593
12660295
11816575
6060962
24300368
17162311
19469361
17171779
6834407
10795088
28238064
17247996
18473178
4936624
16487647
3820959
23658924
14294532
1896002
26488024
26314597
20380777
12662426
6163932
20417458
17091128
12517099
25166857
18983337
20427589
11593772
21171281
16744522
14739025
6240995
3712551
20012948
25096534
18426904
26318362
11173155
18230269
10742032
25696180
5643416
16168934
21648801
18111971
14839613
24165552
6194363
17880973
21826641
16174217
17593421
20807956
27826427
11498100
2489758
18411885
19174933
1591753
825180
8464980
9647775
6129060
22830104
11752992
2317164
62161
18431071
19432863
10433217
6091380
28009499
10263137
24508470
13947975
3423348
28491919
2565219
24274786
369511
14106384
12454073
26179345
18117747
11022750
28227228
24295559
23213062
15826242
27946649
2363752
23749331
5862743
6320800
4778214
9632145
883725
13617233
20699759
20043075
9523128
5983630
24932976
23201416
24739432
9827441
17056638
12978725
20444130
2949180
16963469
6694739
24976249
6294946
617814
5741484
2307256
13291947
10136318
4682696
22867360
19079831
27174832
10260384
21170454
7713150
1469809
26460726
18568778
1866978
16006830
17215054
16198753
1783111
20750272
14226954
14437787
28820041
23404362
26532809
11743360
1957617
18135493
6124300
28528364
4037280
1118626
21048396
8715400
8211288
22154609
20201926
1268445
17925999
13989384
2333286
1226854
4663097
9475873
18865732
22850990
27148423
11716845
23148964
1527580
3004552
27268720
6620462
6980431
16318045
28418332
17556902
27758441
22960166
28044465
8799301
21536175
9540835
21067323
4334096
20907653
27326258
13468259
26011894
25046504
9841510
26112150
8193632
1846186
13857728
9142479
25794127
16857422
25350036
13919231
24627900
10243087
3606895
7290279
18183223
26261747
27442347
13643374
2541200
15320972
11653375
13958738
23889242
28029155
24346437
12998537
16212478
6994906
16913719
426702
7708744
12343320
21935628
1930347
828558
14945784
27120459
9465882
10504487
11402559
25752075
17820094
21763940
10760076
24644132
8407541
8817799
24748999
14468807
21400573
12552896
9831739
19807121
25870094
18545768
9261356
18377375
20792961
16042816
5373937
7929116
19196025
28357970
19763133
7008079
1869790
12626924
2619816
16826957
635555
21761805
11094973
3969538
17594857
26157014
11223032
14997361
25133350
219628
12367214
1941565
5096308
20897828
1920925
17291233
27927526
5112358
20785040
3695963
11676118
17411470
13547235
25876381
7485834
3074600
18069952
16226484
21268013
28003761
14073897
49038
3687656
6313113
12046480
16069930
18044932
24797291
25695954
1764791
22922898
3894306
4566584
24590912
2513593
20718622
11868600
5546059
24754687
23006894
21927272
18152002
17159654
24267757
23897310
15223345
737032
4946166
23590129
17911145
19751333
11497849
962155
6246011
27286581
15151869
715979
12136086
28703574
19911058
6565000
26114739
16762188
8109395
15120621
11431143
7742963
7321387
12025090
3891956
27789098
22695932
1757598
6938907
23378497
3818857
23605921
12371874
1396008
9049237
15800414
6811549
1147398
6634029
5061749
14451188
11325586
3466807
9524200
6508751
17555859
7871030
12587675
24108865
24248492
25749334
25833595
20976870
19708317
12641132
18341083
4064660
20942568
5127548
4067669
25255322
24214112
2900286
3279508
11518108
8943894
2234559
8490102
22454749
25479029
13358923
19919738
11094271
4850021
20794217
20433019
11231759
15558074
9685002
10383888
17152933
26265061
28005591
9318048
8184082
19750863
22940830
4291749
21098321
3464617
26575878
10850051
13024571
3200754
11018780
27680409
17864284
22388948
10932570
17042828
28172536
22699967
15431344
17183566
19126410
4267883
746780
20639112
22674795
6255127
14952342
28162220
9438466
4428667
13345324
19488246
6045769
8151419
11995784
4016837
14507084
21131742
25040259
1715344
24982806
10005700
18443471
2510365
16204777
10081672
4795096
1206535
27654257
27307285
27957991
3174172
20534824
25655932
11025757
24690772
1245513
20316912
16579439
8634402
16743374
22703874
2292351
13079416
26928890
15270168
4383719
24622599
7620318
21079804
16027941
26834891
26808198
6582112
16969287
9916883
21763477
11516345
10819323
24891611
21133682
20377547
10428140
4074641
11278279
23371178
26063785
19583166
21920408
10059788
7820004
8516329
2369901
25819750
9787209
10270548
1852349
21587656
19020991
20519739
8487215
17775344
9771159
11019765
6388029
26218209
15735869
4994422
7014791
25764084
16206953
7427605
7496365
15688662
19565798
3043555
4841643
3452061
1043168
10689069
2873119
9143519
22306601
12194821
22712047
7468867
7397450
22881079
27480836
18784342
2066763
27567408
5631918
9008218
7697959
12534342
22695602
15170553
28018132
5337288
12652948
119630
15923936
14376265
12340195
5188914
9759524
13109935
2557694
7435306
19185918
17377485
16003164
465972
24396759
26987669
18590522
24754556
15424021
20161976
5254836
7146450
1965362
22449903
15170489
13248677
22015926
4134920
19573850
25457307
23968552
9528613
2684311
17397569
8372442
10224769
6180212
25921576
7895132
16148644
14262925
6293316
23338551
12569485
28326025
13249142
7281227
8695534
18454781
711179
13670014
27206563
25387051
4674201
15371654
4603762
12498424
17229325
6009889
12558237
20520032
23389069
21145124
10525959
9406413
25378606
24627333
17842080
4645734
26724329
21650975
11713965
3761073
25312029
20910164
4371615
87685
14439960
212885
1159340
6979055
10916561
22208034
19164379
11964509
25615864
15327054
6309544
17040658
8316287
23490562
12446557
20294796
18228870
13287285
1649031
13050998
10212641
6617119
8519095
10141851
18505626
22057882
1897924
24965365
17999942
3939490
11127799
27786798
12651667
14973338
3624333
24938085
8640411
3737713
7625915
25882293
25702741
20754496
9844294
10582651
7999144
9737504
24233395
27789002
8186723
26570020
10272619
17918017
4381176
3764076
6767467
12352781
28570904
8096863
6243010
4726644
532595
8855356
4290732
26814061
22412184
23016677
4255417
24712933
12865761
14613366
7309792
19615514
4292106
22209273
3528955
2558014
18416134
10252837
12443073
147961
9793108
19584006
8090292
28015417
28422969
18192345
701966
28125252
28508058
4129162
16876875
23582712
9732477
8975315
28450001
19011184
22143387
5300703
19299208
25544551
25252674
27401355
22673471
18173398
23742280
26026187
10894566
23885172
12716879
27500261
4557971
28439520
9646329
13715539
28553467
14637266
2088000
26409061
9374975
11618044
18238816
10448778
6902294
1296265
23342281
22416666
25984436
15172021
10025873
3371450
10320343
1354842
9417400
21099701
25807783
7932306
19051367
658637
17604034
3193063
27633635
23846054
26813689
28787186
4907219
12668635
16173856
4808712
12951990
25121170
22037070
11734687
4719555
18308682
1651215
12337087
23927324
27684552
15373036
22441735
25860596
9552775
25531601
18516578
14010196
27823901
21906603
2765699
2790224
11351547
3755734
26011675
21306911
3863919
22124408
5336389
23981795
8066910
4741998
27845214
1739736
12252015
10234238
11337572
17949080
9176753
18993776
18598782
11577464
1977005
24629931
857339
7397813
2029739
19770942
11218557
386350
21015664
21644894
19358222
19483680
23352680
13994198
19956193
27121882
15583667
4170480
23760164
4719621
27176672
20509763
23743210
22118015
24613798
17843749
16099940
1760276
16246443
21917570
26628985
24920735
25784500
14976471
6536140
7869445
9885353
5847268
8243649
27762624
18637191
27058658
11887585
6353719
9316876
12307804
21965245
544495
6501913
12066820
8418969
4795039
23305193
23304264
23782297
3065014
1353221
16094873
8576860
28095465
6456981
20507266
25823953
2833577
11671120
19199925
20404798
797650
6142315
27451366
9745329
9382817
14740490
4971544
9202628
11942509
19872662
18844636
7639837
10006065
24607488
22043961
14471419
27690464
27914318
10426307
22679711
12812503
23850666
12854073
17576053
2687823
538343
25730564
27473039
1082297
21423180
3400221
8225612
26897163
1436906
7279410
9440561
12132012
2065609
18604281
11372458
8488070
1247039
8482756
27046736
25621810
23206536
18878518
7408641
25924571
25787325
24088177
20960003
17438254
26250018
3780766
17252662
15129404
11379347
27302432
14507357
10943504
26571305
11067294
10555879
5705115
9671570
26204003
8774040
10674867
1384087
5423015
1851143
8846691
25073773
15608309
22323229
16083701
15009878
10255599
4768057
13124810
18156013
22413321
7746372
27363331
24472181
15095825
10575573
20288959
18092121
14405796
6188413
9062450
15800233
19360120
1085836
24720611
27975697
23445064
18282085
21891240
25888881
516312
22024377
27318513
19377106
15876682
5133350
26591398
142432
22441259
4753233
8169842
11558005
23028063
19286148
9630138
26779886
16083008
7745068
23854944
11153284
4694181
14862195
7691150
24352406
16432972
21274534
3299599
11029503
546183
6138549
28819448
16931299
3910463
5286910
21303573
1787392
11957395
5858123
19474002
93912
6448931
26747700
23377627
1267519
7427614
20908288
11347647
21990609
24223733
24816145
17125850
10353988
28458755
21467606
14209081
21883437
25553340
25712769
26585862
6865978
3303435
24953268
15306995
25105562
10588074
20229386
9200166
2002552
16416520
7024584
5713922
9095700
12724593
194485
20762613
7327491
11208964
8227797
368160
17886779
22251647
6518092
11052608
2043802
21201005
5492945
19745598
4867893
2458477
1353951
24084418
22967922
24045046
16976737
18613992
25682726
9495490
22840117
6686818
7904651
26195570
9251880
24665175
8592086
17269763
28534309
2389487
26469620
25513710
17474173
11319465
23813930
17778429
7812732
26725212
4241319
26986727
7856517
24857525
17916439
21900221
6900732
26134790
2382086
2489822
3191893
4470134
23420854
22811440
23897295
1945767
26029815
23162847
2610852
4198046
26746871
12103539
12981128
28070309
10168641
1730976
12200257
10820631
12779828
12911264
18394348
22722161
9890673
3665004
21704955
4521938
27475781
24937336
20643793
10561793
11913528
28674571
6298959
10963251
28096970
16707747
4425012
21051368
8889053
24750263
13940642
15910281
17792825
16327909
14971353
1975311
3735801
10589888
11849168
22179681
14986342
2090006
20686745
4175215
16094795
7383678
6510829
8971533
17554477
7438478
8972609
10325183
28408473
11422770
7121168
28748085
191581
12200620
9384086
27900602
21056066
15225992
7020413
5341523
4742541
25677010
12265526
12285531
6018216
25661542
20643358
19716841
11589844
24550412
23098310
9973531
24371361
15333274
23633082
26377123
3210597
19918343
7555450
9594337
14052631
5709430
28247051
10107546
25058274
4849102
12665061
21829862
12774076
2067965
15158305
21732971
6682990
19607431
3507050
3757631
17049466
11184555
13864527
5024399
12560401
18154540
3450239
18029156
25023945
18688936
23411363
27333382
23959593
13344997
25814885
9871142
25107727
12572451
24331930
11207776
8628162
13819626
23474823
10437078
14411368
12874199
2574137
13653084
14744792
4600205
18348402
23733829
20569706
6876247
7527928
14489402
6474065
505326
23134567
25455619
3122796
22603660
15850198
8204157
26537779
16943180
25064439
12727152
21461803
26387329
23964432
19464674
25824859
12763633
3403377
12473730
28444156
19232088
9317695
24657669
6295353
11309446
18491970
1701897
371366
1744504
1239551
22930014
18991020
27626563
20587756
16395569
16911822
23367141
25412066
16471495
24918716
14550888
27742243
26468571
19720626
7065428
11578352
7499304
28067303
27480219
15973413
7865866
6265267
23463211
457130
5566185
16442832
17295580
13660670
3282472
23525649
16057581
27772665
18465354
7868835
5233324
22810243
20042168
19875872
20734026
22391524
24120393
15332157
20071427
9840477
1487641
27199939
18519869
4744852
14295519
25197347
8617056
19484392
13174919
11670164
22545708
17902262
27703577
25095324
17849592
24825506
12423792
16406033
13851386
25620427
17468841
22809251
14276601
12189545
126566
20488338
1279322
7516600
20285466
17783667
5526419
14896484
19997667
24150791
12942640
20683280
22196207
23130959
6780120
1672166
10506847
26010257
8018363
4250879
28724279
12016471
9444518
23244485
9044539
4690768
16225373
23926870
15417430
4683113
21149201
2804512
1445095
17402373
575621
3915095
7914073
21762366
13570497
2726787
1603451
3151531
16931703
13359216
26231549
3990296
10396499
6302825
21123432
23275568
17455254
16403848
4375830
20876931
13463947
6420855
16475203
13568600
17462194
9508793
5499756
611562
3530015
7599251
6238132
10153827
9842552
19596497
12781577
7177624
18557708
3161702
10343427
8718140
18491383
28412384
11624363
23167682
26211680
19828840
21592490
28818094
15433058
8509873
10582188
15821765
8987005
13474125
6218704
1569579
25960252
7191174
5821969
11571654
4369010
3963203
22655318
6035099
912896
26259395
23917829
20845902
12530163
1139200
4172439
24795071
17300931
14547314
17021431
25312842
14967333
23903033
17234081
28449551
7970982
22430902
4600755
10803058
4732729
15927841
26935548
26069865
13675728
17504946
1059138
13194217
14413383
6469274
12306503
8000637
23406119
17434763
6249720
21841952
17508374
27938858
23420934
13635148
18474251
14695777
21822933
21177373
23484963
15780468
3401082
3317670
11314336
3562650
1908701
13678784
14438363
5413836
1067085
20594517
17022424
25691498
17024520
15104984
16428894
12010769
2501298
5178475
4208416
5812071
1615042
13623054
27588248
2034217
26913041
407939
11113818
214486
15158374
7969208
2842247
10804644
28553353
5697939
24163560
20134449
6421910
23720123
6937355
8602771
19089959
21611422
287924
3383140
20447012
18391953
27615518
9630906
11907387
24246863
27466454
16080416
13015084
25236407
6494491
7721868
11640228
25391399
23277755
17248658
3187088
9471139
28412985
10281395
17885508
26037402
28658567
22360457
18427815
25795277
4943234
25714207
14439619
1244094
27512457
13462083
11999715
20804310
3798482
16372436
8924994
10964888
7339891
26566556
28314122
25569880
16902966
16206001
26876440
8620386
14319997
11578396
7860707
19740068
4038979
2850537
6208213
9934233
22856524
21839989
20891951
493301
24127268
27389787
13853202
23943048
12137932
853507
5261343
24501408
7376638
4816864
18747056
22596445
13450090
24977081
24306073
28532814
1810511
19556947
20606247
10586755
24826672
4011623
22653492
20940752
25818312
22076447
18757559
10536906
14240997
810309
15241890
24854141
1364913
5298800
20223209
18147930
13092843
15645194
20441437
14626335
9984427
2502700
19307028
9232518
26622894
12932573
1563967
28680330
3301553
11825284
13500341
10105765
21718017
20771827
24134430
17178122
3821003
18801768
22077178
28690778
7764063
16032140
12573499
11183652
14346048
15968842
12064353
20787726
2279889
1711736
27027511
4650445
825079
16885153
2682235
17961322
14364707
5422339
9905227
8581539
8170249
11156162
10022762
10790299
4287782
18770382
26132830
20896495
23243121
28369921
26272194
23166113
17354924
22204872
13751263
6819361
20837349
25807398
16592749
19032953
1665990
7597489
19004476
5634817
20451610
21216017
7350708
21437004
24425913
13115098
15870099
25950803
7089402
10800618
3872092
5084926
7995702
784654
26295724
11708340
14090546
8606275
21291743
5347807
27617752
1836323
7461384
8179332
26058812
17042683
27594788
22268481
6150163
2931232
521526
11694225
9303935
13391512
22395552
3912361
28410978
8611652
14484454
12838994
16884246
18176430
27452430
25137571
15483305
27905958
6202335
25894801
22048889
24620493
19768513
4529698
25322981
23679137
14885747
23244694
13925547
16710804
6362788
3042535
12606881
2904599
58674
4339273
26864299
16341174
6158344
4101831
21041638
7208438
21973413
2678277
10034660
22998412
26762385
5498000
24240602
6896728
5313336
7739737
25222283
12915360
27742516
4337434
28467819
9719632
14537181
22225591
27390909
14074680
4248733
23332052
7808008
853924
8790360
16323438
16376091
23792972
19841002
20727839
8343806
480641
2298716
911003
4606774
11612309
18481662
15757448
9426515
26815001
10459854
18699118
24563366
19687647
25132980
10531663
15802821
749038
6821152
14320427
25715862
23415729
10510758
26009422
3326295
10914418
24802123
4566135
8909788
18828689
14639552
24712300
14267266
4647355
20519914
15647195
19958084
24897888
6466587
16465285
12424877
17210719
24422748
27801804
3768354
27172361
18546542
27795813
11219203
14056140
22639453
17833392
28794738
26973625
4562157
21612014
21865714
8265016
19526387
23604421
5101530
24553407
26550946
4242115
22106400
18276283
13507845
20812215
19993710
15933860
22294159
13138191
28403899
12488428
21302841
2447366
21707749
24405312
12372299
8385796
14615279
3685767
166788
10449476
8681493
25845761
16564628
16644419
25230926
8939828
19178800
20019976
3551622
13198208
1397463
4829789
16394397
10932131
24764559
17889493
4110721
4905042
22889630
23724166
15373242
26684292
7019058
7379805
6290818
13314496
8039029
22229269
3874638
26528356
6641299
4277351
5949652
27687975
17731029
12859289
8510356
11587821
9308270
26830398
23632774
18805089
14309827
25296710
25240017
23487331
20027935
9303690
14285210
20534877
26577183
13744437
13640677
14631489
17569042
16925027
2510813
24997074
10143925
26939613
18532411
15499376
26654804
26357599
26496224
558292
10346962
12537763
19247573
28243403
2758583
16848124
22579793
15085414
27173345
16904844
1528636
15940992
5872285
12355628
16892298
27751676
19691540
3732503
26896588
3524295
6264516
10648103
28694910
26416096
5848945
310835
14386779
21294036
5709388
10207848
1969778
25127579
14306976
6407934
4011429
10465361
2211877
22309827
22269394
19783321
17708394
11532050
15043786
189500
19148510
6011350
15796088
28753708
18233967
22218181
22784743
4389894
9679617
20231406
4692205
7479810
22778004
10596438
26915903
216857
4791133
21067977
15057619
13021724
15449622
17118180
4547805
12766701
8196975
19699017
7755087
19584140
14049746
20571348
23632186
25837099
9253105
4078593
4071459
8037707
2329994
4791248
16656467
25549410
28038115
27837351
22256290
9196731
3824022
3159184
2002852
14555952
12851292
22645522
9914383
28320627
13805773
4764211
8819305
11134585
4305916
12860493
9642634
19900794
8741649
21585074
929827
23173320
19607761
21668092
13569118
25924952
1557602
10577783
15880469
9499826
17924356
21252451
379999
14719929
25404341
24398578
19157625
4375219
24531591
17271619
24233624
12178578
24000616
815549
25504525
19178678
758445
631541
1510713
9010622
7959182
10744171
26419493
16415311
5594276
23865693
27731711
18239674
8107880
13327674
258430
1783392
11632535
17094776
4720066
11401659
5110140
16597414
15393510
21913037
11581652
1664947
20200178
25152786
20286995
15592578
24440021
27873866
6261982
16120209
5124397
26532443
26044302
21375775
20244262
14960219
24437503
27223694
3380633
13152590
12157294
16418020
15263730
7557550
16795101
26810636
14791840
21840809
13140368
19162344
7399002
18922950
4442436
17941738
3372299
17562635
20111908
24119396
19265793
10365585
2504496
28581721
17141457
14934070
10561289
4795540
16368364
26771177
3616736
11664103
8345338
20839393
23757088
16027427
11027185
4519745
9174346
19095585
21182429
2306814
10531410
20103733
5318711
17681363
2801510
2697899
16637912
5228319
629048
24718678
2374087
21120439
19026510
28153699
8966707
4181519
9069159
14518031
21057700
16134976
4150401
8437580
8161606
14637975
24391093
7788515
12856755
6850348
14121143
22520634
16763343
5134824
10193937
23935163
6621139
4512669
7099456
14557338
17172328
15391859
27792987
23861051
25733137
12571219
15454507
27146181
6551922
23417342
7865446
10123719
15546100
7611819
14168404
26367726
17864874
16855219
14105434
6499272
19341608
5278390
5363877
1896771
24565458
229567
11902462
28496567
22282489
20431759
23408473
24472230
22521259
5500177
25722127
3109214
13138007
12563339
5473338
14289394
4866875
15382695
23306736
20700452
122397
20804146
11986526
11102888
13207770
25592965
18946524
26627481
21535560
6335050
17801318
5012131
6889031
11784970
10677651
13496731
6062077
20302293
17617393
9715606
3407466
21376465
28540517
11544477
17180196
26823513
21605586
18433756
26820074
12443308
16346223
22356115
14655983
25348826
10808125
16747036
16602894
18444278
6992791
22371749
27841164
582347
27753616
11260404
14878951
19835679
15078246
6096085
2657608
5958453
3602088
13619340
21357409
16108268
15519197
26561529
3041073
153385
2053368
20990514
16165870
15732204
3203450
18808979
14179972
16955687
11328278
17983834
529112
1489540
8607852
24289719
59795
12795181
18527808
22284229
22773117
8486088
21547514
22573918
7030443
3993365
14104182
20394273
4079104
15401468
2747367
14072932
1057558
20609228
14708778
2323461
15794854
16455598
13316537
1918139
23326164
14561031
3816721
21266897
6404536
14020459
25562979
7938148
11033484
27136247
3473394
4023789
23230129
226930
15315438
28585897
20702130
3202028
1168196
12586050
5606368
14080042
7581715
6307090
21869631
7222122
15777346
10269887
5024880
6128957
14841430
4663367
17196589
23926180
28279323
5055264
24885322
13726640
23729414
22935034
12923369
20018481
12874367
17383387
7035649
3318332
12357204
24624797
11761650
17808817
5140368
19819963
458079
23994824
19411608
5287462
8773159
18575365
19528171
21680961
3997483
15938323
28508598
25658415
3979596
11860232
713528
23556300
24653226
9344362
17573631
17123422
16428892
8311645
8115747
18433698
11496464
3443958
4768223
13980492
12565434
4319161
8957797
2957050
23928360
18913163
7955623
5245297
23560449
24233131
23651653
22175120
15392929
2066939
13192378
25526635
6632867
8706319
8528373
21792273
7261469
5817240
21384008
8934851
23621714
24392838
8142908
23769372
6944968
16845006
23344543
4943988
14466302
27319841
1220022
14809403
70229
6423460
15011953
9097872
5815443
14171949
23933685
22953319
27516648
5206951
7753245
25992701
11452917
27614769
27593753
25893473
26037216
7648070
16614937
19292489
17614690
650193
1074401
17323874
1529563
18393057
19902142
11909125
20634713
22881222
15526495
28119029
27980896
17206130
23711531
27441557
25314188
2080926
27749177
3880865
23124948
22621833
7874628
25348210
4406429
23620893
14042788
17334499
26816442
20231273
10632842
17155515
10653313
27209128
26847179
21356652
5153722
13276393
25418644
12634691
6031183
3334565
3511143
23436810
19093267
19443600
14164693
21885234
777863
12943160
14945296
16984676
25358296
20813238
19909084
19782790
22980824
3242363
15460290
9514362
9562828
18444014
1321540
4693241
5423091
12896967
7497044
20111632
3432007
15157645
26143708
4661445
7419368
24629158
21102906
11316710
6362352
10679278
28371838
17533140
4627645
27915895
27598216
17307601
20955409
9167759
5124395
13570447
9709321
9748827
6735297
2395077
86089
16827187
9339260
17197236
5006791
19159098
30899
23706331
8107416
10256503
1235087
28493457
23141156
10552343
9801100
11491616
17705396
5751792
16450042
10192325
28222228
26068008
6977142
849031
22527054
5180648
11829468
27178770
24432100
9699398
8211850
25738942
10561471
16718548
16660017
10461928
18173830
23067201
26984546
16192368
16487253
27653670
2006103
22148979
16589128
14890673
26870614
5040607
3587230
16948527
15508641
10489577
8393540
782431
24099226
21697019
14300046
20829688
21037673
24369851
8854234
11037655
8500707
28627029
19555720
11944538
15748946
8487261
28335643
20039490
21918131
11275670
4959833
17960059
21698175
10719531
6101555
14998403
9196457
20438984
10847419
18701562
21137907
21958270
10979078
12249513
4890363
16910372
19104136
28056370
1291305
15976128
21744748
2802321
4903478
25467556
18174281
6384080
5934505
28104196
913858
13520196
24022618
3689016
2590019
664549
9902936
21818978
1411566
7075161
20157106
9858938
24031113
15039884
17184307
491868
26278150
17475172
11506782
9283454
18915034
10460940
16603989
23206255
26664671
2452209
7011619
16737591
10445124
10730638
19964516
25045354
25506434
12161634
10748496
25750238
4153700
25877963
23055987
4089338
13737203
6331330
28774656
10651380
13449243
27809600
20326709
705451
26330811
27135128
24879186
23276837
17344910
6191064
27807093
5044997
15170743
5878358
9284458
20988595
15105004
17568697
26444050
7122559
6603959
26180832
20614894
16693226
14006605
25802061
6343036
17188162
627768
21303978
5583917
2765987
18193636
24192093
10360196
1948607
14010720
24040502
11576938
19582361
25789513
1902914
11192875
4709658
28723872
20616777
28380908
11921776
14035458
23156630
16148241
27417054
202072
21141403
15211233
18294271
10424795
3546211
22318872
21737807
19789603
659493
12676928
3420984
20887112
23334025
20328979
28462811
12035942
12259506
378509
7235008
19148541
16893583
15002682
27180113
11890752
1643707
7616627
24607632
17204986
123012
8167698
11266901
26231172
12917754
6666831
27047092
2787430
13543495
27757577
18281177
14276335
18120213
17147352
28529030
698547
4330897
27610630
13458124
7237982
5243690
15370841
17862067
3769797
9915509
17998104
18899802
14767105
24887181
6407309
22691805
21995544
1687762
1022877
3124775
14832225
22431926
15193100
20003118
18265578
25613561
3451824
5653454
14435981
17637829
22901121
12148914
2421987
27219088
3672721
15625387
18464220
4583783
4815008
3023596
13216657
9934766
15657953
28163014
13887028
14475210
27762029
15398301
3640241
10729369
16450737
824368
5788036
2673094
10984582
2276082
2350817
25824939
8551511
22721606
10728008
9739616
3521906
23890249
9274605
8473593
18462783
3806076
26728204
24149361
7733655
11854090
25425168
6274948
20449487
21580322
25104101
4781040
11413424
3172075
21590954
7769300
15185069
7341787
3918813
20005709
13250399
25047541
8868479
23158738
15686868
8026730
4661876
19585985
14403190
27444535
18606996
14170802
837652
14530798
17126906
21135918
24257031
13593390
23713450
20699584
24132806
17938767
13411919
13169989
21461007
21153581
20606440
21583579
17166146
21153217
15106311
21528052
23931132
17379997
16423964
28713565
19552415
6769338
5693264
5130427
27680683
7880221
9620211
6679106
10598856
27140354
28530054
26529214
19130916
8438228
21598721
17846110
15842528
11680417
3622498
28498907
450150
9828226
2706301
11072173
21469013
2043632
469744
8999102
14011051
18391086
15188071
21266865
3719768
24682649
7508468
12672470
16300821
9493446
9390069
17738305
10520970
25775195
23459588
11239666
15505838
21646012
8499162
12874846
5829010
24929330
10848536
24041158
17775383
16304722
12450454
15917230
5791400
25081807
25199418
6222456
5945457
17643304
28807927
10732296
1263234
23568514
16036272
247668
17833344
25050673
20763887
23970443
24808712
19111806
6589861
6682827
28477845
22915607
13665624
22638896
1787048
5970612
18824447
17940458
11544662
1432056
1624757
27620529
932182
6709560
21478340
9795393
17336864
22544755
16373012
7419869
14926858
2204502
13822226
6588178
12975590
422490
16370735
21231177
11966795
24786672
27937556
6057934
6218817
20389434
22603018
8448060
23716649
15162305
17230299
18368801
13577044
7768232
23201630
13859466
21047303
18594468
25951871
15181035
8275097
27194524
7180505
11630766
28127218
12127596
21972841
9917416
10051988
15331683
9769638
1320284
3155108
8980964
15229759
17169884
4746207
10806510
17446278
28699085
7836416
28128549
45705
11824937
1046110
2413644
25170389
19217458
15035971
3408244
26547437
18717199
16332015
26515191
24488115
19794126
25763425
12036909
13929312
26448663
11633787
26511922
12132618
7275123
10634960
2938225
21295514
23553793
4463472
5345706
2104008
21485894
18430001
28242802
19301987
28015220
1388942
4552600
13985661
867385
24686703
7550788
2736240
22938512
8761966
18710288
27604942
189617
17845076
17627592
4703483
665252
22158864
3974166
6223226
8971690
11962132
10376698
7811174
2143815
14854974
10270919
15483834
19033178
3609364
17551597
1814040
11022661
16181390
28170748
2097695
23359756
14424660
501116
27287202
20366810
1236383
10958407
118170
7064594
13442360
11366173
15853247
16218212
12312281
15451440
15831144
25049723
23020907
19715050
23137281
13395831
22769986
16786403
26268133
8925800
20496062
11577452
21245502
5488153
6585478
28115619
13721119
518888
25242867
19174350
21659322
16590195
20135891
9435604
2261169
19858057
10172221
6060135
8968536
2516842
24215615
4110122
8230960
20150408
7197657
14084603
18977734
23178014
10253325
23375009
18530348
11172197
476431
9431915
22922165
18531195
22984234
11614446
7440940
20918191
24411520
15092019
27824361
26936756
13203676
24003603
14481165
9679392
14450774
28473043
12055997
10388957
27076850
11493384
23652095
3882931
28476394
13776571
9928484
20821686
6996273
17007202
16945477
26847382
832202
3633183
8016893
25333459
14185612
25900836
7318465
3033157
7427706
7143812
21167773
712180
1430726
23423836
11768743
7775138
15633174
8870327
24637252
1725865
26514948
21127605
11960467
3072271
18247737
14089263
11545421
12046478
19411316
18862575
9713634
23074846
3770525
15196077
21785099
3913769
23734260
26006858
20816391
8951867
21929186
938456
14248242
15919961
9978745
10642890
25026153
27270002
24423050
16295973
2897901
1057765
26405061
2074731
17006228
6057107
28276793
543919
28281704
1488955
5686812
20838832
8086883
27502149
17673833
26669961
3461470
11009683
8919363
27387880
6760990
6651979
2424914
25627
7605080
18565002
7198042
13720479
2068099
26240362
5146444
3681183
22783996
20084368
1535184
5650547
9752705
9907692
8963122
9486838
7046897
26582683
13198770
744371
26022202
354926
12809417
474531
17588148
23775524
3976311
2637025
2689021
24498798
5860900
2388640
5227321
22558231
6339962
8556818
7223550
15305741
15034678
12075859
10997672
28439483
4433104
19781342
14959275
18696265
20145774
2058918
21464961
24796078
12550956
3073470
11960615
22069444
8562004
7847793
9064885
14451989
17301095
25664555
10726818
22477425
15624380
772196
8049538
6484671
21456172
5700652
22487887
8156798
7425116
12705806
26913287
4465782
8569831
25702546
22196960
14892037
15426194
15506351
2096460
22298420
25758907
3352446
6602206
24578455
1678180
6003561
2254954
4002453
9091887
26067680
3787888
9834366
9301038
12337113
18746702
15374141
10592090
21580248
12228277
18825917
10453207
22549516
1742031
1772549
17119341
18722777
25324529
23183079
23589237
21584180
25458715
10312957
3924960
25171790
11881976
18856633
15647246
27713309
20598169
1399652
26847920
21347143
2529838
7002602
10825239
16182781
13214892
627098
1266285
17645048
4990164
26707621
22190756
20938958
24253507
15647202
8117113
13350727
17443751
337068
2502582
25726393
17703151
10005146
12253591
10984756
4948834
18752354
27079772
18773723
24469347
18919357
17702331
6128770
16650605
18009536
2556983
9893320
11054422
12860941
15404169
10445197
21028344
20682494
24249717
6100243
26284484
26139023
22441111
26407232
25987493
3002262
16058862
6653536
1153337
6428332
17176333
21824443
17196948
3180804
12831261
11232225
3781895
22490037
17430133
24937577
7435661
20361667
6991266
11250157
21964077
17985470
11162985
10526924
27024327
8082077
10196530
5433671
4928680
15960912
27081592
19240251
8349474
2294160
12753540
14413398
1300557
24338140
26679993
4746353
898679
22999637
24391702
7110849
26174640
26392300
27986175
8396449
26703156
3198182
11703902
26989577
4283914
5889788
1321776
6073727
25564273
25099311
26588258
26038279
18849647
8937850
23503872
6116892
21948022
3713636
437668
6215547
16287997
15914445
13800071
28306640
5014324
12421946
22431617
19579086
7127232
23852171
8042852
1485868
21901800
19782306
3171969
18148169
1181779
2933779
14852668
19329330
10088139
17518423
12672658
4521206
21467402
27972902
18098431
13711036
9767419
3587131
12058651
14002253
10882195
11473240
3973656
14253234
24192506
11748965
22367786
9567139
1525067
17402441
8418432
8295267
648535
15465049
10272065
144345
4075612
18402852
24589772
534869
16141183
27829843
20716673
5051537
22587488
17475299
4221787
14991659
24466797
15342435
23566288
25912132
24958922
20392149
28681891
7254092
23990873
7221899
24100638
26904819
23514227
12190028
24463681
27607911
25911805
4477798
24454862
13498227
14985273
20798916
1156369
18605539
8574602
15909553
5817677
18801299
10777581
22298467
8898871
17792434
19348993
24427295
16992852
4077025
28104236
2659102
22638405
15401382
5506979
7196081
24341958
6008504
25822063
296371
28182515
789964
4303657
3320388
17748226
1848937
24877295
8920182
10681608
9418361
21310030
25893156
11244490
26063143
2539813
13783247
26788485
23284397
9976082
465356
16730656
24660135
13982529
5022045
9539644
22791177
28575681
15635416
2015806
15102429
365519
19411459
27378656
2339576
24588919
12239068
26228278
6158761
23543734
17817320
2464595
16605311
27084104
7203304
26507459
19068372
7455829
8516314
4486132
2419814
6881428
13378901
11275380
18687854
245559
12311179
28778239
28262660
4883427
28626552
8198299
10954056
17087258
16744442
10881276
15829517
23341218
11349005
22209094
16538388
17787319
25255702
2542535
13933743
14626634
18781155
24523269
3328531
8320681
7875838
13318837
8740871
26532285
13261197
20602262
7160460
25041121
5502355
10807203
20235199
13537121
4739388
10670317
25466658
12180938
10682887
19172001
14064424
15954546
22469334
6662260
11741007
6536877
20915383
13209835
8114520
8338889
18281503
10483794
12408249
23862271
10811822
10203772
18153292
15039090
2508206
15200594
7793198
13291875
7630610
28725722
10231099
12754481
17874371
1222040
15152177
10801513
14735207
439905
27301997
11106193
19674316
24907368
18947405
8795023
21350064
2705075
3198673
14800850
10568603
10237929
21017488
19596478
26298201
16849794
6555050
1305573
18460141
25790543
4061177
10282299
18569645
26097702
3809801
8524820
15985437
20633451
542352
28822166
25700395
16622107
6492370
1293063
20211640
26653775
13414988
1913387
22846431
14882762
24055266
23055158
5160867
20949322
19884404
14613087
22579844
1679641
6805981
6514277
3972013
14064335
6178408
28488471
28384791
19197129
18547833
23933710
22279436
20613953
24016702
11710761
26990685
5216224
13350907
12646212
6387964
23792456
24202638
18619132
26100416
1937814
19612665
24263806
27548433
20774766
10023774
24548062
5562289
5182159
7756822
19634343
17972010
6817128
1354261
24120671
14079651
18937798
13847568
13795305
21533584
20478443
5989058
11616090
3982350
1208314
21017917
19791754
26847695
26067688
20302068
26379657
654415
5009689
13891830
6370489
5800721
5400295
26741324
26599781
4610260
15890128
15524711
6863766
12182986
11698089
5557365
6808793
15259754
17259428
26673977
19808538
13442761
25859874
980922
11947539
12269836
17842114
6773047
12839253
22860741
14581332
13146574
13929473
23286066
22475523
2906821
14430399
27837649
18104338
9106493
8928220
2731288
20046058
8525003
10092653
5130341
21415099
16497424
8627858
18066219
12587263
7427148
26504089
3297596
9339721
21131331
6144099
5597675
10503270
673791
28250948
20320146
11487075
19388072
26161491
22214778
10071923
27993778
23797432
16147483
314694
22823054
14067850
24730310
11471036
26450260
21023390
19807591
15805534
4618804
24613682
26730162
23270653
11099456
11892623
28671076
22969177
13007045
11295315
21352465
728432
2997795
2642070
23570621
14686216
6486926
12935575
23616547
24260747
7157798
3755530
9494490
20463167
12575141
13475967
12228552
5342551
9403228
18809961
15551986
16338694
10653639
27803447
17566997
25064674
1130588
8572977
1323129
25301724
1125677
12942754
25347446
6279980
27392163
26202756
10308089
9197853
26538490
13810280
20285897
12821300
19707473
23373422
21181080
27080181
19999669
9243275
2322951
4147296
5605645
25058696
20966224
8221958
13219392
1346907
8866655
16954328
10514330
9074785
18169458
3430922
2505387
18055581
20805527
12230059
17505279
22512576
19019230
25655203
11931348
9099937
4845104
13570536
3423003
9304841
20865145
13717363
19959275
27276204
16847183
345717
28694813
20253818
1450006
15176470
22198516
6976916
12002493
18670043
4389041
12168185
7149561
12144743
8802030
14507729
28231798
13551725
24309128
3447428
17054049
8818330
12761928
26102047
21173304
2321970
1702581
9568979
25924364
26853165
22286068
14957606
28323191
5221289
5869842
9857160
7866773
19713910
18242260
12010991
27313163
23712880
7036993
16871661
3208789
24845637
25036926
6757717
17590796
12420496
16637731
17136611
20602692
2666095
2314329
26539016
4260720
23575805
10472160
10553958
559282
28741601
10970941
14187962
7232727
5844893
2313678
25827965
4261563
815203
16091604
6025230
11004667
27334525
15365399
26246971
5145076
19026839
1781405
2721765
15034481
25840222
5827070
28702542
2188737
18798864
25254309
23868156
23084168
11038931
16451720
16345557
23212616
7482683
24406374
20424752
23472324
1759209
6845265
18486475
26451143
28524026
6277776
21400888
18505790
8165046
24147913
6084867
13689311
27053072
26028241
15572736
7423380
24426347
16558749
14337681
11705084
1629316
16091239
16999157
11680586
2118670
3585794
11939889
15431740
23001414
14405233
5416605
21654523
3142096
19425582
16118445
23421073
19401777
26228227
23229417
8268555
7563719
9876805
1016967
14288261
6439728
16153838
8639963
19593525
24037676
9143698
10227549
23651252
16126312
9505572
4565872
27899999
15733877
21057070
7451245
7263206
8205950
8154561
23307704
24982335
14620476
14670490
19194295
11064899
3463842
7022008
11258635
25413362
2569395
23515851
23031011
27240667
11178801
13386174
7022101
20722583
10846799
19753862
20185589
11445831
16185602
13681052
7335039
18940429
12346409
3269700
26428925
16235241
23471286
20834607
17871546
20501482
5899479
1740387
25321757
15755833
980248
2818959
16947986
7280685
3984846
16106540
27284072
26318904
2093089
27449440
21615871
13201725
10659867
188740
17791331
23743972
962676
24972807
658994
9950796
1876221
28279050
5279078
2377371
16970778
6919305
16380437
23157058
25233018
18872295
27702133
514900
25653503
1576171
23995822
21105852
8942666
25012616
25371987
2478906
21660168
9736851
22165844
24589242
23592527
26085909
15587921
16540918
9967276
9694607
25875267
3802894
12123294
21123421
2841646
25222050
21845251
13037991
11666372
11011780
17071916
17537466
28485329
3152873
16857775
21209112
1714991
7539224
20810062
11241985
25155235
26941284
23101805
8722746
14333694
14288689
15185677
4615408
14097714
21964669
607945
21822336
17814239
18050586
4216213
20100305
20400869
27001517
10721375
8758255
1994741
10860832
1551221
3089792
3432590
12396568
28829796
366283
8301991
24338787
15046979
3695110
23936750
8024475
16520214
23840123
3117721
28128805
7157100
4040848
19963179
7465987
3730134
16797476
10387032
13287444
13795405
1782885
24485886
27664652
19468496
27313971
4420996
19526604
660486
14623199
17551252
18521950
28636637
26164406
25349187
11043205
10379206
15794029
16786186
7011846
12300154
17818634
27687968
28594242
22358054
637743
25218220
14944936
28665469
1109253
11373067
27292703
12163678
9898423
27212087
8757681
22949873
22151638
7473009
26884624
19928970
21230543
7864338
12776678
17162518
25890400
26339457
8416595
11961328
19109254
23725316
18952730
1082823
7017381
17439871
17287903
2917619
8162333
20762546
8108365
22396667
20803378
18903193
7410705
414707
5104000
21910186
15879198
21356676
28657412
1860906
20262448
6877856
2493503
22950393
2583446
24489923
13276943
21363188
27417310
4759714
22462380
19429723
6485277
14302259
12764754
11410417
2418000
7722133
20837304
27648197
1734701
4080695
12980995
5293190
10913771
20432804
17817708
27035449
2008271
19575219
16770552
38949
3527077
2944444
16079552
21622727
18600185
25274169
18798942
24032224
13753520
22137619
17161944
20294800
22851365
14365437
24662892
6832021
4270474
3776822
10717845
18298540
6324777
24290272
18300772
11818543
20917787
11048305
24203891
13421141
6416683
9398206
20080211
5991886
8762250
2828778
6224843
13630123
341842
23839271
4747175
1478336
24413931
16894774
19198611
28444678
27540567
6656330
18357814
7601752
12835967
7776841
10872116
3549948
11552632
14679118
25888945
4840106
18728480
11243697
10293196
16306039
11788401
20535213
27346382
9768436
5127168
3740880
2549882
16517093
889449
22965200
8941831
10909057
19451212
23887286
16721221
18766579
25319262
20965352
13219002
23008082
14486251
12108975
17185930
2966103
11862482
17317347
22557417
22995086
23523509
24263999
8134629
3901445
27798546
5291323
20190184
2403007
13542159
7227946
17864606
16508764
16851065
21752158
17982224
21616937
18947658
22777051
7867407
7433635
15522320
13765427
10088435
19816009
12872263
9901852
27998470
16385052
28439408
17456084
23257664
861729
27514873
5607469
28437424
5291420
12709318
5292926
361206
1051528
17985566
98837
17852614
13231165
22577358
14357092
19460056
23041598
998844
6055919
21845872
10801887
1720250
15723015
27948678
25814786
20689569
24555451
5201463
1688895
5474270
17923838
19638057
2263055
12574540
21298058
4973396
8851501
25229568
28809225
25702495
4253355
17324842
26740320
28039885
22528326
8075579
16387919
23433575
2695009
10977485
25165536
3078208
5600034
27355060
13434861
7781756
637971
12537125
11760042
26195527
3688882
6432836
28646726
12202463
4764962
9545718
14366963
22085222
23668818
22953249
28277746
17095538
18594295
13170953
16783266
12941643
19678401
16106987
9859154
20513421
1686029
13898565
12543684
295014
10583253
13724495
12704338
9112960
1643163
25792275
6138486
21512677
18730578
243284
13613526
16319394
28819678
13311212
953050
26537035
9409264
28710011
17547705
19746402
5727726
9852210
10336452
15890719
3503487
2721719
14386535
18617141
21145299
22812147
27826876
18107922
660405
25597201
10198562
26245224
2754199
7507410
12614471
435992
23035690
2181485
10483580
995365
12119963
23085962
11562635
8947471
8202077
1220603
1807767
8785041
23707840
11347622
27267679
12176232
10312578
27365965
13578589
15293051
18217479
1045332
4454947
14334061
24795868
16097906
19839659
20905028
13641134
10935195
10931263
22260258
7440361
18993778
22652305
11213467
26494428
28486551
20259037
1203929
1780913
3264553
10822343
8489314
19894469
838711
19550960
24544381
26330691
21283603
15066325
9009592
18621291
767913
24809121
16333438
8387715
11574528
6955106
27740458
7447679
19112457
25505916
10161752
4379622
21257261
15566033
26832321
11077774
19876592
26123171
20580709
24534605
5795581
13945192
18758491
21220900
8555002
28115123
15643509
16319647
3200059
9475790
28254509
14977400
24917187
26770802
614343
520616
21028560
2420749
13120748
26080560
15139737
10392880
27899631
14362512
771529
20314720
17652783
19449028
20077810
26280611
1382290
12712285
5717202
21006709
278731
22940140
26277566
10349301
10422529
24373980
19197200
24990879
19247140
9323165
9213664
669258
21023603
8162913
4433928
24556539
5298155
19171641
24735023
9215609
3197980
24061648
12480151
10928376
3984454
16975222
28447793
24471840
18119295
17581838
9215046
22165735
4123363
22040686
18356366
3766266
3949153
20247479
27398561
26658439
28421491
13238949
1255593
4323565
17660549
12362738
26665476
15365767
3699779
16656846
20210350
28670890
8082069
19636953
24303243
13856030
23582839
4956209
6074817
8460558
12427029
26322236
1587469
18100513
20236743
23369985
26553744
15106762
1009325
11339452
28078262
23344206
16550046
26536906
19033501
12710727
15176010
26772787
13767552
8274473
19598470
28187145
25222810
26047878
5405077
618044
25495371
14370183
5756239
10708494
2653591
19560192
19237139
12235728
19961954
13652144
26314589
3570872
22171329
4691048
27311691
27498719
26813014
25733515
12783267
12414199
13398118
26610838
18553931
16706126
2991600
18090774
11634033
7882136
11511471
18758741
14388556
4380163
22915840
3668968
2143676
13135735
13358787
10039276
8323397
5343657
16936790
8669271
1549989
21606613
20270955
6451752
26100637
24459470
22710347
20353538
21307871
5050772
3302641
4146044
17945423
20719357
24447737
1204503
1674203
28210608
11267131
23511949
8253643
17547008
16627346
13729923
22795036
20279379
20164276
9129585
8622559
23894450
10497151
15844105
23936273
274199
2022194
9504878
3801417
8960608
19369252
14377273
6389499
23793958
17554457
4795942
17228194
21728798
8752966
7578526
23722563
19614838
7367884
1126149
9947392
8175051
24510300
24437008
8263760
17537841
9176778
12653513
17650405
22712467
21140516
4174011
20410584
8694919
22300100
14271501
12318909
9369549
13169276
28152307
20725977
27248466
6640326
6011962
16047165
17835203
7410492
2315875
26293174
23266639
16409777
22379363
13065094
812697
11236334
22006711
2686519
9865081
20367887
13133818
19265365
6483614
11594934
2054086
24987099
21006965
22084464
28202928
7046259
8258081
27255334
23322868
12419239
10697049
836471
21169785
8596915
21038860
27714205
23517242
5554573
3085211
23873637
22366792
15844712
4175815
11473599
3070196
23787950
11191557
2546362
20430795
4117830
9766135
4720797
21948832
4532578
15802452
1209442
15679651
13047089
1688524
6189174
18551634
12876925
26012336
19589902
12087532
3460337
25697936
22011185
28538354
11036019
11086830
27918533
25723064
8131256
18148918
27251307
10049801
11601807
13875591
16681435
27704296
18593678
25173646
9429699
15126250
24722708
26709642
12619304
28719209
10790507
7070479
4271578
6838925
9730667
20280936
882438
5450234
2437012
13246696
2578283
2371703
27174235
21183147
1474712
27465632
7299381
5239208
4416349
18963959
15229827
18050715
5814355
26348899
26304572
5524640
4472102
2814956
1200488
21472410
2222266
12813680
3211865
27039655
26556158
15985871
19372122
19382934
23356394
4348000
23598770
5198809
16134380
10280150
12184985
22845277
16423607
717714
9141893
11974316
9725563
14290397
18592876
13238727
18861497
8718259
7092185
1219154
15849104
25206260
25757588
2996447
10676746
1068892
21475417
11997165
27638353
23382352
5647449
12596837
11547821
20342313
16996564
8141329
15662941
21262887
6242334
4741304
16325863
14050982
21120455
2175657
25234246
11657384
26777458
5084036
27162752
24515397
6310421
12801683
12121411
11764195
6186602
23863734
22410815
4069618
12681544
9091913
1284872
23315085
16461075
28190452
21828876
12478457
23159871
19307397
26699246
25728085
6319528
25937647
14012223
13079528
13677864
14889527
23492328
12966681
4306488
14252129
19408667
11224362
2217896
26457436
21806629
10827773
930397
22966816
27013989
22140332
6209869
28016359
519310
26484169
19385256
8214612
18133017
25933404
1991033
22851705
18151520
4640258
23469083
4805012
13890715
8274041
23156042
1257520
10007627
18114754
28314776
2028252
14179060
6843140
9734190
16183930
11979756
14392541
22731988
7540371
12451375
9986738
17495658
12571239
4667615
521202
28140219
2567079
27581632
17876663
3880353
3032609
3260362
20215073
3027570
3343765
18440875
25090651
15297876
12093610
23477162
16804974
21824245
10127931
21824132
27442453
27969150
12675938
1434543
20061150
168655
16972568
1163257
7181594
26366909
20491954
2162531
5238557
21199972
19889470
23997206
11974949
28492631
18782531
15038718
28313858
6250061
14119705
12527595
17855990
27622635
18433321
12264357
22859837
4664529
5892279
26189969
26896991
14195509
10313392
18423447
21371822
10651083
12404737
20913468
26685823
14440439
23300362
22016005
27869960
9651810
22282383
27462204
11416127
25127695
280084
21841534
7591672
19132841
18060506
22366582
7314379
19346405
25788388
1367828
6944604
15361979
9707440
6299396
28121908
26144079
4371438
8577910
22006796
26186645
24595426
2007386
1008729
5565982
1174255
19976305
15767623
4168143
14156479
27207586
23089082
8803294
5622781
24843427
25153390
16892288
12601272
3057252
8129808
7864588
27900199
9607134
13789896
10664042
16569667
27243564
4139073
12875318
5982328
15544391
10003693
2997244
7867444
28019648
24817492
24576564
22399344
2293819
11855485
6919129
28614444
28312421
6231812
11075362
828905
17893336
3658865
2033684
24792264
27826479
27734640
24136777
22880817
18954195
9061048
13961314
2787376
20187389
18937163
24696340
8928902
7405018
28205433
27093263
25396231
878017
22510226
4637218
19972906
3547982
2761598
23718422
26100433
17657176
19208640
15515428
16071643
25219178
15900979
24050968
24043812
25094392
26025364
24482044
23728191
27024908
28298045
9786429
633981
22426141
18535686
25492623
21804092
25866601
23190152
9980579
19263534
21236663
20848190
5167246
14267623
21762183
2044395
6388515
8990331
13054401
27288626
11529451
19393226
25325176
7807849
20766344
27049518
5789426
22336667
5675291
13652685
12955164
15770966
15620295
11875279
7127543
28426311
2387710
9337868
9402300
8802752
16929111
8917403
18440171
25531975
8329633
13232369
20821658
11891621
23066276
1714244
27520070
23963516
16780190
15209478
5634486
11008460
7549487
2157158
21263503
16903251
4211990
12524970
14338583
6911406
13445175
19704856
19983534
24622721
7241894
23377107
5211762
7270663
12376872
543609
21667241
24952538
19469569
16184182
10634220
5458026
17446171
23415469
3899984
27162432
393616
5237704
8164293
24241306
2813181
15367752
832407
25721211
23413764
23700435
27797151
15671857
120614
12485476
3655951
12115239
17030051
24793175
28225507
17768175
8607231
26694775
6131918
15572136
28764921
4761399
3845022
10635171
18500679
9230545
14810275
16903275
18046607
10427175
11974246
28309970
26164942
17295396
18357392
6488347
20643664
18359232
307233
23779537
15304955
8923251
26764400
25924550
10002775
7419122
3119291
15859995
1795177
7488962
21084323
321401
19860446
1039895
23136107
26071281
10001206
4924108
5608599
3711256
7500998
18006922
7484404
21420941
18465671
4029065
17762076
3053452
23615037
7651383
4039881
74384
5874462
4720321
23781026
16528121
24726062
22588930
11283781
23995224
14745653
26286882
6918974
26858316
619360
6437063
21226263
25439846
1773606
5986288
23179093
18830481
28525150
9731724
13868324
1640344
4494243
9590545
15824774
12479078
13560238
13342613
25089512
5319889
1888230
28437667
8467144
5829758
10780799
4026411
12571601
6635122
25364548
18310246
6115134
6719349
23940570
21056921
20175231
236707
26246904
24366086
25591520
4395344
14104980
25977447
21976278
23593700
24991407
7604648
946217
12918507
3950496
28111158
1709694
28702533
17894981
15057225
26805825
15639817
25208767
15355636
24837616
25150608
1911355
6302041
27576563
18186245
13840473
10588882
18149099
9433067
27929292
19013142
26758372
28581693
11642532
14482840
2174476
25996201
7711907
6110302
28392549
22157061
14115115
8227629
14315328
18143597
11164488
344093
6088511
16699537
26068769
20001258
25583174
21004929
16884296
10636392
2541130
27688760
3537689
20952798
10710692
1654079
4581593
11949430
24878834
16574469
19298703
16583040
11166523
5204652
16843934
24417711
13490528
24415642
19341023
15633636
11221454
18979167
20407217
18231669
20617193
19447830
5521422
24093834
21620393
21360956
17577106
17954809
7510626
164663
21846284
3425347
26087788
22909086
27203642
10889375
5618669
15255252
24307935
596119
9208250
27673566
3456809
11437246
9656072
12157044
6291589
9305917
27211914
3880321
8781356
8109981
17379528
22566276
10132110
28414066
25730739
21612174
8403841
22196330
11324755
9247541
4572635
20395867
17046686
3525063
14519580
9811719
26798249
12015204
2220232
24882284
6801692
3216311
15788216
22883553
10079706
20838099
586768
15221151
22707445
13349181
2999662
10639010
3978741
4027182
23581113
2040149
1560051
26391202
6786451
3901584
27479378
9688645
973994
17826771
7666082
20886026
23918884
19643877
12015485
14984482
9251951
20039279
27360997
20959213
16520088
19803928
16492
21333431
28113174
7841279
17243563
9565001
8020544
19118616
21605434
26027372
18439020
1664281
22415613
7749870
12468213
16754548
15370843
1812607
4264735
9810509
13094820
3682638
610473
19783861
7775754
11525641
10796312
26913220
24490169
17991574
15921468
19526024
14458343
15030037
1565398
18583689
23468825
1510672
18080631
11722149
9593150
22241631
15923498
21484200
26662357
20115022
1233055
19132300
3992184
25345134
14582023
10608472
441788
865667
26708678
15609474
6432198
18810636
11173843
25004491
4805007
10801587
5988242
6600664
6530898
26303290
15122588
27438509
23899835
2585214
25791074
17701029
5419107
176422
9169388
17891813
16502119
10012095
4975943
5783329
17968968
24728678
28386824
3382366
9765168
26380598
9858859
20755546
5571455
17121396
2845606
2561443
2361280
12328074
16342323
17147085
23603510
11737294
12113553
5768212
12694230
23299215
4274055
2175420
8262967
3207780
3862022
8000690
21068217
18453411
12716443
9873220
999712
11574164
28727521
6190147
19226810
28637567
1221670
23608161
4687713
5098781
20550189
7860834
4176892
10497325
26262306
19001822
27119656
14655293
9565944
6447912
27208163
23159093
5103404
18840200
16051776
10240835
6411097
6910691
14468750
23429554
4891071
2945699
11793400
23981015
26254371
4215308
8593102
7020695
19324148
17635218
19453729
23016702
16629434
3256436
5710062
18228380
3061233
3286759
5078431
11006061
13854428
1565248
1434422
13474377
1531729
15154222
22459837
26192035
6579089
24441673
15358231
26419843
1639552
8614037
14016219
6785236
18331860
26935961
10205124
24979641
12175468
2563944
22648297
1909404
6052820
21752744
15075754
20157563
10494962
10401183
24495182
14991295
23269439
19091730
10875156
19149379
16320988
13522565
19291637
8169847
21546360
16938412
16642694
23976034
26399427
13268410
32675
15421004
18868148
24117968
16616820
28619484
5944304
27357985
23903487
6251238
17452826
13847678
23127064
487734
3774992
23923009
2256196
17707839
10286085
7407772
15181912
24440488
28476142
2408312
18377632
5587367
19446843
20785315
22982233
3490084
28463759
20193925
22756309
24029030
12872886
14912460
2582161
551333
6394859
9583635
23546288
15497631
2549129
1936092
25198941
18725784
28661973
14731803
20218101
12712057
3032329
25232394
8790419
18657661
25544953
23807712
25670326
11158804
3006690
8199323
21725202
12402818
5036565
9348135
16483158
2866378
27029920
27154787
15794860
22615372
5688082
8993259
16644615
8669893
27028293
24075171
1298770
8179396
5063459
27057535
766063
22126519
3800592
12974905
4819569
17717261
1950555
11050826
6427475
8353025
21117733
9916503
18364156
2590097
7848027
14291525
11912589
25901727
7999946
16930466
1964364
9875408
6043262
14954525
18540162
13218275
16962497
4999675
5793384
24060877
26795927
21017987
28422463
27083103
7247939
14131633
11954069
19885697
9465462
21918227
24849705
28110549
24900248
24459323
2794272
22313692
27446230
12661209
9370568
9492252
16172415
12861741
27736125
14533398
22359497
19543021
2720656
7853351
5234401
18056915
3898123
8270364
4335789
9199406
19247377
25439057
5431082
3702928
555682
13644801
21307773
22429798
11524725
11009338
24318679
26553592
27435847
8079213
5378068
5584052
19659240
18491286
13210097
16557601
9873708
16685331
3762819
25960278
14785496
6671845
21761501
16896660
16441837
16063449
6604096
13519582
15549551
1729174
21807094
12727998
7375986
18274280
19733750
12253349
7913872
23166203
23119638
24527259
8389110
9367018
27345669
5809908
7478272
13282366
7799659
13048690
10360582
16295854
11500452
25096437
16163080
3587759
17326974
18667285
27553408
6466503
10952240
15244196
5995192
7812092
14570219
3612098
23940378
13560278
27409003
763537
13428927
11352553
14737840
17385366
17978665
1826911
15891823
15201951
22368356
24261206
27229611
10825221
105016
12790674
10141328
12752854
205226
25625039
26757700
20167577
21498053
25625427
17259931
11028970
7415790
7971054
20854731
6001123
16210109
15017063
11078009
26842430
11122960
26623370
14552536
5574572
23766977
13989717
28391827
10019096
2334654
21666255
24088226
14043115
16970738
21700260
16840096
3832011
4736820
2141157
12878360
20070163
13103453
6562292
17823621
15826873
13155247
1162279
8933851
5535615
773446
21467660
28437946
9905409
16775918
28722916
27719149
16522783
26235139
14543234
5079527
24005187
5291510
22045223
5717327
8638644
5211931
3787735
19783245
28706246
156919
20977263
20636092
27169200
17279809
13988
1029634
20414471
22996944
8592202
18233745
4936760
20521635
8156194
6060804
11422055
27785235
859868
8166783
18640323
10458951
27721258
25849036
11967586
21607562
5121145
24328551
27542342
1497018
15649466
22154538
3970885
1491706
3309342
26084608
5035619
4443047
20311268
23467176
3855551
28756223
15458161
13250480
14647735
4350028
7005898
2446825
24757398
16887876
26416820
11015462
8356398
10486483
721746
23581135
15181852
1407306
20418709
365334
2078730
17548449
5262295
24919355
23267863
4170003
3849586
4079345
15439013
15752185
7889877
22978881
20709374
10674124
11418711
23607458
11668738
20723718
18195336
25934165
25397290
12985055
597769
23443677
1729637
13351843
2234350
13579332
12290649
11023628
3020751
934232
22373573
11123365
5207528
19372256
23653379
16667180
4290087
4546116
11831226
14140249
5181650
26224468
1426390
14616682
20786988
23134029
24568229
24283142
8566687
3337943
2649648
1386353
5739241
3658523
5579673
12164621
9570301
8172545
23169280
25434104
24879260
28271571
24778844
15698976
17510687
19387633
28797358
163416
26277736
22354088
7676101
2070626
10753937
24146225
6639894
1426751
10929923
12453549
6482596
25486611
6551946
5765153
4530287
11222971
13994355
13072619
24355826
16873974
17616002
2704435
24216862
5441364
9743500
20261382
5211714
23217103
24477623
18358110
19814494
11717706
3367840
28373019
7822441
13287617
644717
13077926
6736290
25634111
1944252
9556207
5947950
26772632
16798569
19398919
23626494
23716294
41103
7225203
933214
18284990
24807091
14906664
14736233
23657708
20634584
18451358
3058248
22269663
7840630
21434145
16512972
951938
26597791
16706570
495203
22663777
6323657
2870530
13976881
21744197
16783502
7673058
12707548
2125823
18725467
1911800
17745076
7713399
10887615
2801975
26549476
14287553
253113
14026908
2516761
23062733
18338778
13598035
17942785
26887192
26480367
10585579
24662010
6233896
27815315
16732686
2831438
23123014
16339296
14513485
21513995
22966335
18039432
27317239
2836894
16137605
16169405
21358725
8160230
4576243
27646009
12937170
11053794
24064150
21728244
11441601
8888217
4261641
17583224
12688955
12678814
21249995
5594955
26270641
6195986
12580488
4324763
5548312
5532070
18757931
10292850
17034954
2368246
10498822
17207063
17430310
7054402
15917381
14436636
5113035
1250617
6188196
12683624
24473577
23384010
5702637
15059666
3446408
1996045
25083930
1794560
22034880
17817820
24462524
14289562
27155659
16525009
20115533
27930426
22907686
23967592
4293093
9498458
9410299
24578648
20792204
19631281
9758973
19018763
9733096
2682360
193616
14981702
26140190
21547136
695940
17344087
9124931
25710919
23208408
659758
25632904
22207624
25181550
1197862
16193012
15002293
24997703
17246420
6536044
10414132
7068879
21852558
17643496
25305059
11154290
7471903
21050456
25319162
28733413
18149290
17465280
11220027
10972995
9745917
6920136
14706299
13484909
28800899
15485985
21484747
15183737
16617336
23938591
15538000
8508668
9982698
23096408
28328727
22226903
11586653
28733686
19069771
23195348
12772143
5104113
24860539
7944709
18538721
9688722
21309584
4401244
10083325
21202487
26722818
15971307
17848045
17038152
2116361
25376276
26622504
1872487
8932705
6309093
7656903
27685541
22480038
1654822
14042981
27925931
15874465
9266392
8133988
27744271
24483004
14543050
22540194
6066829
26870760
6992718
15698287
25796333
27045832
22263434
14940185
16954536
26720374
13372182
15971058
13314761
20343596
23601001
14073314
24276311
16392891
10739409
18957910
5265190
12291436
1811539
28695993
16079004
23660898
27114569
23281414
698841
19796772
20611367
16385575
8469510
1246328
17779818
21493103
27951417
9620937
21492830
3255453
9907574
11769015
14457085
1918180
9186076
19747988
1945824
9226812
17415798
3742454
3717732
25575184
17569773
12577964
24644806
5770733
10940388
15041782
10094663
14534151
9749781
25043962
11179095
4828143
3316098
10870667
1023782
28272722
14777553
26804267
10062455
16878213
281792
22775490
27728106
9708763
17659757
19740459
21094673
12113589
21911823
11918007
18396974
22905755
22749021
15680739
5394783
11242440
17395304
8985992
11282818
8675251
21507761
19167976
3968183
5142593
21647459
1561322
24881922
20249582
14863209
26948324
15960219
16327333
3165776
23435489
17189315
1485232
1809070
20577546
5304336
10014454
6560018
15459765
2363275
22360104
26187414
24800071
4464959
8115753
7841927
2466092
12198802
3898309
9585654
356261
8650357
22508418
28337665
19903339
3612257
22545017
24470023
18929805
16343013
6444374
6265422
2287388
12933676
10837197
27166100
21781541
6633740
6577747
10450880
19944442
9719221
13213006
4725298
671568
22419535
2145059
17838652
10356929
27712340
18700286
8839634
25649819
10057275
15344969
13446082
6350303
664391
28392605
8822300
17447314
19099318
998698
5242487
1274147
2444950
13740187
500760
16065838
20414225
26612521
8580796
637867
8921421
16062593
28209315
15783176
11595393
16393972
28171567
1953601
19385447
15888807
2252020
20991254
2017278
22009173
12212346
4436486
9423874
18228979
27525224
639361
17913655
6400277
23113479
21032001
18472415
5827679
15636577
12936453
24227052
12011093
24220235
13373875
9495382
16783616
2637918
7991257
20768356
6682335
18462163
4545468
20960565
8865198
8383959
4228365
17817498
20808276
428817
21399750
21285113
28708002
22116033
6840056
2911941
9424080
4466500
16602761
23180056
24029205
15369739
4711348
18424904
11953811
22403478
7383460
28020927
12637349
10843340
18515248
24558422
8816185
13017859
14849568
7013139
24868823
14327579
4026009
19588376
18348530
22487577
27764228
13446888
25554598
17113382
8607835
16422363
6841462
13968754
12783187
17016981
27306244
24349803
19695025
11912545
7497451
8156695
19081827
16857362
14486869
21083135
22663776
18478136
20198426
8498594
19265503
19054646
14264634
10883454
27945813
22638448
26525636
16936652
23833929
24179954
13407485
8274857
12571893
9302700
28438057
7228975
9995237
6313226
18488927
21927841
10450123
16540007
21785029
4439689
1964302
17443870
7997431
4596496
22435723
13013826
24042223
13345634
27223388
9780134
12491928
9928481
4896403
27172420
24068836
19627066
28637799
19171103
2563197
10514142
20072279
2251466
25323064
22925663
27155394
21709758
13582206
18969224
10818970
17739807
18998247
12942980
22151528
27877371
27351945
7496133
3072086
264042
22462570
8149182
25436849
26370652
13363779
27139404
4382089
19806211
27147787
1332752
19813319
21442386
498729
5817821
14527590
10143115
21089037
13610738
16196825
3408791
2285516
25470946
8071699
7235358
2645797
9634975
2466881
13817090
28198462
14647671
11291377
6017383
23930792
3344531
1599808
25877104
15898853
18612161
5783519
17288259
14190458
2957381
24991820
12501885
26494737
7842442
16576509
5208477
19849230
2980860
24042215
5979953
22308057
28135922
21670549
17404173
26246025
23545176
10149348
1067978
2008540
28145973
28345591
17058761
20994219
17562089
26632960
1027123
21689309
23284410
10601303
1412744
4453614
27783330
14052968
14363630
4571375
12753263
13805103
24245745
28311114
18605066
3868592
17155654
9984196
25720
13546108
5037326
24099989
1051019
23373241
7584481
25999718
19796823
8367588
25742721
4075192
22572158
3276313
20914387
10721877
19876130
18729088
9329841
27328714
6713053
9763288
20173298
16124932
20079341
15503112
6391723
23519752
26771482
18920013
13269270
15055616
12619841
21072383
1591059
1893611
17570802
9898617
1486143
191569
16135326
9071842
10456730
13197588
20361314
3177577
23729271
20719832
6032886
21138956
7153069
19210728
6950878
4729210
4653082
20375706
24014016
3200833
325458
2792049
2644328
13779307
10494579
23609543
2927689
19075652
18511796
3918503
8459794
21622055
26485845
4270963
28455071
17661305
62094
8512086
9230298
15615933
27006790
20264372
20152309
11066019
15720227
21685614
23621
17154976
28046467
12270860
15802731
19677064
27670269
4442720
9558856
26847673
12049350
27139505
11397216
5349557
9531116
11282371
27999281
17753030
19176864
14346236
18502666
8534389
17386134
21320206
3428440
15322892
8305663
20222293
20433298
6620987
24614648
6848057
16678381
21934674
26437627
25110805
16772794
11063195
3980341
3280237
18714654
4224124
22410414
22623678
4377781
26083650
4093937
2957131
8070098
11180087
14397842
6540083
18071381
13261520
17796396
18649998
4335751
21981039
4005219
9046253
24148123
5225097
5004563
3436897
24323068
24130657
17806721
15914865
21856731
28748191
26492501
4310498
28332383
13351210
5823541
23787294
22367201
24564653
14907604
1062759
19537811
18591681
25499437
13984184
13685835
20815028
19001761
15037115
22289212
7605633
16245130
16641000
6676339
20706015
21016762
8377879
24611971
1889497
5014849
24125674
19059517
9032252
3641159
27794342
11756048
7430197
16984408
28577487
6598714
24556933
563171
1963870
27350873
11378039
25408746
28778967
5379609
6856918
9345349
11664097
20313866
24656641
5443310
1675892
23324189
19797541
18951803
28245462
16204253
23305462
20797457
3383691
28460256
8885213
19714874
2062784
4250417
369196
3035789
18735985
23313310
25243409
9181452
15284464
711239
21215791
24990123
28246824
791136
22196082
2776532
28139320
2441444
4083424
20977191
18018272
16321217
24464318
23484213
18805465
11934981
27939455
176387
5661946
8677127
12215964
4709359
20015577
8003913
13958650
10622944
11982979
5743332
26693233
21955289
24339078
1380065
16254964
27661108
12108929
10309931
13137937
26896958
8998422
9438500
20614167
24151365
14906239
5162354
11383462
23290430
20210759
12753064
8587393
15264719
15951185
22599789
16065032
17346212
1881325
13397008
1947974
10861447
18834385
20884707
2723533
6639839
26393048
4512271
18363638
22533498
13619613
20901410
24979668
28589812
13736182
8297927
2759488
28310991
2556620
5787754
795555
19733090
11274460
10514379
26037106
10447493
2172284
22234949
6554665
22899102
26662768
677660
17883141
14598979
1025421
3879588
3735268
12272450
6667146
10586272
9970265
4141019
14095775
1765078
15202381
24123248
1548423
643077
17321274
524204
13895601
4702188
27042773
13934455
24644012
15399591
6026995
12599323
1669663
13997806
1188907
11630079
11421444
20764532
12209742
83574
1955727
12176598
28043990
13042782
9414974
11521041
25340200
10275765
17742846
13192489
8354413
14749365
16829497
1053655
22304701
7991223
21850651
6016363
22309332
5469332
26480298
15864658
2021579
28818968
11783773
7699441
14057162
26781545
12206101
15937074
22170833
6413284
11969183
2631676
9549592
23830706
7420230
14159403
1125601
2684404
8356764
18502037
6009688
26820476
7297928
25228599
18839372
16895747
1532132
14784615
14180804
21660187
16761402
25523144
23139648
2689808
5286264
13099752
22825912
13097586
12101087
20231537
23757380
21019371
5501016
24459181
10032104
23107557
12895095
25582721
8560827
18362008
19301821
18757414
102966
4639957
12037085
26928005
21326563
27151289
16048587
20622039
2848082
20291136
23951958
9826846
14060920
10635358
15545519
21874793
25093013
10203367
636067
20255432
12334672
751710
73463
17472175
23915127
5930185
5872777
27238510
19647231
27480191
1644198
4788054
4977126
28498836
10791779
11318308
15926236
17610251
22363498
26917508
10885953
28706626
17380706
25067180
21324926
20813667
16727966
11337110
8295391
27011757
8535301
24455610
210599
7592768
8144404
4694854
19513635
28503623
5763458
18406095
9967919
22130617
17058798
25353753
1447390
25855522
24832423
21192020
418190
21813293
23401187
637668
7661990
26321703
14232260
7837270
6874315
10431714
10720719
23564705
18625087
19756551
26558309
16110767
27857496
22595316
27374403
20043314
20731071
24868952
23678381
3840348
519952
21097227
18059929
4857139
18084569
23428676
5053117
24363131
16518864
21352764
3702267
12215179
9438046
14698234
24769682
2982804
26625458
14311059
25232782
20562364
2185112
17639887
19825417
28799317
3359137
5477770
17669339
13706998
4772596
4082462
13738183
27461893
1586573
23071938
10347101
17047923
26087319
3842344
8873308
11004592
17299638
7615711
22478558
13400938
20603753
14467308
24054429
9417086
6022107
21452666
2879969
12244508
5827666
9344570
15127296
13440205
6340829
28716986
5174582
27723760
27386659
6434913
11288297
11193234
26811382
1078855
3218783
13369265
28189200
6356831
12953865
5370995
15369530
15170178
14813412
8693012
8132973
18449112
26094930
1468376
2605603
21888995
8897707
18557965
13026581
22844532
17909444
26085667
5047753
24499322
11207096
4047782
4451145
7259758
3186376
2538016
24495288
21828613
16718600
14404011
11631712
6799182
22055532
8890170
16608433
18328639
957046
2716876
14273745
12924522
25900272
11613632
83699
6457115
7436087
18248404
16811623
10907580
26702295
22055684
7682636
20745342
15981694
12507497
21073722
23805245
7900087
27132683
25571400
7284766
16756602
15382316
24220965
20380802
7087563
13763304
3876311
7680787
28560610
22042659
6375956
12990560
15134658
3388565
20578913
16607544
12816110
10529191
19549061
3930554
28429969
21206816
6775545
21514947
7845214
23003194
2560123
22597959
27723369
2959933
18150656
8019797
16534088
12991550
21759129
5667026
6892412
14194455
24270451
23167998
1188301
4568987
8095342
14591319
4877772
13111341
24602612
10028081
26627304
23354594
4694214
11814336
10405497
15090839
4555497
11982007
4474588
25808313
16477001
23750419
12238611
23553100
23345381
20428068
14089781
21962880
14479094
7719991
18801277
14697524
2281623
6365158
26555672
1837070
22261144
13006924
9124078
6382015
14762320
19354778
17488499
8210470
17805946
26204894
4716403
22732849
25021219
9470110
10589731
5564541
23865836
226920
16706426
17063095
20363067
22405766
24464651
25463212
5813651
5473792
13526997
11545022
23389341
11282137
21146956
6045535
7562148
4828227
27982886
12908098
20312234
14820133
25950962
27256180
26829659
12233383
9572296
12903133
5949221
25456246
6493559
7716210
24976028
13159597
27882135
22265881
19469897
17665139
2482173
8672495
5854383
26915148
28376195
21318890
11977281
25426732
15238684
9767201
10043094
5651983
23476603
322722
1276283
11411442
25626321
22484672
6672290
19282405
21197232
28480722
2255765
18461495
1519019
28372966
11072434
8916903
360283
12843931
16402213
18243175
5784441
18942882
17003833
13574410
1499994
19428387
27806773
11538494
28010646
9502723
15598644
28622868
21017609
6606728
15053289
22900161
2849387
1232372
19857754
2534891
21125605
1070627
21070395
24625695
13081225
24751338
21374924
20102037
10079627
13966696
15789570
16962078
27674481
11519718
16202001
24000170
17491477
14746825
27829969
15047975
23325036
9225875
18560854
17166252
18357451
14617685
14435215
5320672
28215416
17749741
18419437
9787243
1224455
24895521
19717484
11419945
3210274
13126282
1098691
16516349
26290363
18841781
11714045
6531686
9140042
22297862
7342640
8350292
19929752
14107083
4897927
9401421
25870540
7045064
18331856
12844281
12605258
28791540
18895514
11305468
24215717
13303694
2479234
18199842
15837628
14171151
15522415
4894074
24685878
19174413
12832391
4913160
23426203
13074988
20280216
27428283
7608248
27167585
1246662
25195862
7425118
5600053
3792965
5911881
6078452
8883997
374786
6930640
18161969
13435575
24212680
13421056
6717001
6229952
11734246
7154336
26792317
24606582
24998847
334104
2892007
4136643
17076309
4271843
9260497
22767481
14722102
23960948
4447644
16356655
8103934
24045963
27554681
23409875
4296955
3937954
2025388
7150603
27554915
23292894
23288093
5111968
7399719
4156199
3533232
5773521
3645658
19170063
11388599
245282
11105465
6200542
26281091
442485
4851670
25883289
25076508
25562349
26582893
24259023
28327802
9400293
3839813
5051983
28232782
18579731
6765101
4054199
16676636
5699144
15097949
5319080
20713212
4861779
27762387
27850391
27074433
25307959
11491532
19664997
28829886
13002695
23122121
5648352
1555633
11419498
23546173
20006414
9184621
25629207
25740996
4143856
19890029
27675723
2458950
11508763
28025656
23732236
7982583
5664482
19776194
6683803
6285019
15226051
23068914
6072572
12239154
4034572
25164969
10893117
19095195
10374243
4610754
2745235
19802618
18629983
1914994
860966
852005
17639378
22212828
24821772
14553718
281890
10739366
7253976
28534940
12016793
17357744
26427428
4460360
26175184
7992028
25631654
22228606
15985520
14064747
17729790
3139387
15705578
28270047
5480257
14125488
20643731
5652885
14541494
16402670
12918948
164934
4976437
8333390
26314643
25729070
3069923
468124
3088851
9180491
14960025
24628780
8351179
17781528
25480909
108571
4963907
21829117
5272876
1319387
22435836
25115835
16547175
12914176
20080359
17620870
23615772
16620721
12968689
13423333
17757366
7616989
26586461
13674332
21759314
3005036
20141379
3356924
27345222
28350803
21914468
11764630
1972973
8902146
19593639
6073330
28489566
26152220
3893919
13780022
1899696
12950538
19285756
28324629
11691767
10442803
25197422
18861298
25529308
24207393
23248912
10247424
7488275
24438907
19253256
24951539
377280
10076244
18764854
12464152
17599752
22968401
26506331
20240606
8255631
930171
24247570
724488
17438645
19736051
8134039
20820255
21672139
22766367
11310423
21904529
19329883
24064538
4509619
26071763
13935793
4473175
24624011
3602067
5990300
23438088
6185601
7822997
11135785
27705664
23346789
14964229
867776
8201351
26957663
19214822
21334473
23854987
26274523
23139164
12059797
893555
18881508
8639307
10928802
25757121
8251018
18338468
20495550
20930815
25864565
6094217
16633146
24617993
3909996
27004855
22546910
13845669
7687143
25993531
10295034
23537674
2520219
8405429
24802161
19972505
18685152
5392212
14289509
26349957
24503888
17627363
25968302
3767889
2485251
24927985
20184020
7566285
8389415
5307745
26471981
28803733
5873261
19106768
210695
25904944
28272374
23493338
25944966
26926041
14570369
23374773
20002618
10365655
19419943
5223322
6561215
13694616
16576921
26620452
5084976
17530658
3687359
2332659
50993
26295004
7532635
20954296
1564105
25252332
6940101
26569616
5762282
16678857
16071637
25402991
11278858
16370553
7941993
4481826
7953332
9232784
12374575
11589305
17010341
27718453
1050084
27750717
8485869
11434552
28426408
24464036
26608572
22102145
20232853
22851237
13637050
20729642
25323597
1731642
21011489
28275163
25110578
13849077
22380560
15895464
5089659
6280625
22760741
27060234
17063851
12536398
13090860
10177760
2830825
1344518
5984221
8160952
3244634
3581605
24140864
22604665
6788579
8513425
16661116
5961108
370719
6420701
26921873
8720811
6523872
14797971
222922
27857889
28388913
2436075
22971044
613181
22494867
17792709
13955508
10282410
2396610
22383510
10106700
855507
21358962
7108075
1137087
10002021
23117950
4528463
13012836
3583723
16511559
11871152
12015969
23003506
7236186
5136574
18862324
21583517
23547906
27448245
8327286
10169941
1619518
13239380
1639075
11093342
13223077
17717539
13703355
22060954
13212880
15439382
3411185
2420135
4669354
25072255
1746541
13053246
13391615
2628688
11526713
581796
18036526
7902954
15916608
18191455
4726170
11275335
4606687
15193470
12822083
23355099
19682150
14816147
27492146
14219251
8858104
13913676
6710312
18375955
10685746
19762083
18571819
26518198
630009
14007088
14093482
25224214
26723957
11144591
21565015
22293466
11674883
3327227
28310356
14137602
24143974
16923596
21759658
7119947
25393918
17778434
9723296
15222652
2815016
9759454
11038902
10666249
19789808
26494524
6160728
14051192
6821442
5362189
2614638
20135048
16946327
10412670
19900595
14059943
26723026
25266850
5700122
13256103
5275463
22974453
2100999
7518355
16115044
14910850
26658799
492015
4530129
21496634
17923971
20575425
28126404
20901288
26658577
24759679
26039058
19888000
3413150
5329096
10557875
7394440
6521161
22577164
21058813
14388
28737235
9669442
3149836
774149
16688516
17817825
17701709
8339966
7630624
11915475
14581284
18651616
11733910
477150
6883616
6547423
6560672
16354581
16858146
16151031
4819207
22240255
16923696
14398691
25636679
7185991
19050242
13503280
27148096
21180143
4255521
10538226
28033479
8351165
11153347
1684774
23607968
19558522
2806875
22991777
7343192
2755268
12050371
23041940
25208441
16921931
9438563
8819392
26665436
18715602
18573090
21801657
8477679
5656532
7573240
1338355
11600284
14999887
981538
25049723
8936457
6999760
23239051
14714683
20408323
9887366
23986187
15739950
21988915
13362209
5198751
19341802
27414670
14174307
6443950
14920443
8226625
15935155
25534279
5007909
13704224
22739172
20576666
3461049
7522841
16254711
26641099
10148129
17283334
20002679
6398895
8923321
25117400
15382425
16185114
6770017
19096303
15816418
23163468
25975779
13922684
15857743
25002306
2492572
17146226
19605377
5503144
7250540
18398917
11753879
10798092
24893983
3790659
10250900
1628846
8796216
14322014
16914738
18852341
17537820
19926057
3668730
22623621
11639932
3365717
14321927
24091097
11445188
20154906
16815971
24905913
16137346
22484177
23132852
27321401
23264091
25975460
6419771
25126480
2295450
22834532
13612005
13633779
1136297
18732301
22275192
22687252
13285554
6974508
3005801
23754115
26037514
27063466
20521378
17017028
13143194
17351409
19093068
14279815
16428346
26771319
19721138
25800504
28124138
23087509
18192742
20399592
28658497
13914691
11706656
5352121
20188464
11315675
6056272
10703742
4740406
4809806
9186388
11392927
7119385
21811773
26072036
25671965
19959591
27188658
8603763
19724401
21218018
1726082
7327876
14739292
9753928
19600426
13528679
10439788
2425122
21964053
25595712
8560178
27973764
1114263
14233595
22051579
9843407
16474340
11255867
17807090
15021519
12521334
10917751
12615079
15176524
9640466
2791435
10462996
27075911
12664851
14122066
6774533
2410765
4506025
6911599
24771370
4890787
22968879
15867275
25643630
21712848
18513398
22293246
7138463
3614805
11005062
28300584
15565141
13173480
17080173
22254915
28021330
14313777
10455448
9966094
24135575
25830639
16210694
3362958
27799584
17136121
5831505
447241
23673723
9388782
13482493
25541993
28320930
25445504
989268
24313895
4523875
15722781
25165738
701296
25599378
5384018
18577161
10908329
5841926
15878164
15237765
14151469
20743035
28355931
18161490
22812253
5412626
25074969
21972255
5681561
22540499
13551638
5948847
22731981
16171778
5516922
17497406
27124478
12660991
19098167
2394927
21881301
16394417
18222871
14282435
2286246
23453796
28073484
28704406
18966470
3613101
20928773
8110092
10641005
24677114
26670165
19665442
20253506
1508514
11969769
5951188
439286
16235498
13162671
7961075
2699008
17663357
10782401
21809287
22194623
1260887
24201561
16896779
16509247
4164896
13049666
741297
3268245
11287865
4424160
1914551
17178277
26315472
2675874
24684549
7075232
14697034
24926700
3324969
24221813
15115308
3756987
4770128
21868842
11497656
4354065
19059774
22532507
8132302
13651335
12621412
6675104
25974199
24611287
28242883
24633380
19658364
9279996
6764132
14597132
6110920
18387669
7780606
24186852
15164031
9622507
26671916
19269830
790337
13420652
14937306
10189761
15884995
1163427
21089934
5550983
26401048
18846290
8112544
22703520
9966299
2475045
21513990
7778365
8386466
24700486
24789154
2995221
27448672
15320516
375398
20943410
14005801
23604439
22687946
13288932
18982614
6986866
20118397
7596039
15166410
14292128
13752014
725101
24665087
23096630
11656228
26163381
23223780
24073063
2209162
16613988
15690749
19545336
11672013
4705540
15424024
20106926
3169309
7028799
2000447
22442448
8658189
20461700
23623244
25192408
17421627
355915
13520553
27128615
8712662
8044380
27252271
17553934
17973623
20041661
14431340
15711783
3179657
4697283
6880197
21336817
8797680
18471024
133302
21673986
58747
17654604
3470437
21477819
3136611
15711670
3860672
6971506
1448007
14033546
10138257
28414544
25299594
7780796
11078528
23816890
12434319
4562011
21033471
984624
5164098
7414238
9985449
16483193
14430788
7820849
28344542
24312428
20761376
7495669
1868281
22202133
18492509
20591430
22699786
8760530
21365988
18154373
371625
2790562
13139021
28412414
27649466
7461155
7466632
5378328
12555941
11693917
8846943
28269374
13402351
12450926
19478731
16605857
17982187
4733533
18431591
23864853
5582235
26920075
11796032
13005559
6644792
21721481
3197137
15973281
20479214
18648033
14275730
18280455
14391799
5492690
18440579
8667669
23375908
23260346
14718323
2041699
13122075
15004906
12133050
18555667
28526676
20073966
11551120
6571060
21415559
26876732
7475673
15003985
10693162
4219143
3434650
5061656
22575751
11943761
12583636
13973148
13689465
5226090
23159238
10367184
3398467
12230831
15168370
24487727
4043338
28800547
11680544
10359243
25591830
21639806
18293209
28786814
23276834
6288429
15870228
22370798
22060698
4624023
12828408
1995578
395450
8827333
1144471
12235355
14271731
6877911
11906705
27283204
8763277
15818329
25547028
14340112
25482926
5620243
4259879
2202347
23399355
10956766
21937955
27362224
22539064
19132093
5786964
7161319
25470766
14938137
7436650
7947030
26675201
23959788
15239017
16239328
25785587
23339447
6083907
11034035
8548172
25570347
9253919
8414251
645482
15943343
3625015
26570045
19067263
27620208
26888325
1486126
20713759
11978793
20980971
21321206
24111979
1397206
2542460
10058658
889933
17981842
23178432
18066493
13926766
2143694
19832489
6317568
4823719
7501972
6983536
18820404
403190
18473587
13906563
11892816
19201013
11747113
23572449
26596003
25915988
18848113
12905662
6045771
27535554
13883437
27298246
26057163
19671063
15469480
10972633
17740072
16374435
12600262
6059350
25967131
27920265
19756082
13109950
28784571
28147056
18617813
26639531
19420736
10135318
23801895
5075980
20561038
8125715
24168790
17859410
12144124
22040622
17008805
87830
12681795
24034847
27234768
13733631
14982602
16217895
395756
11596160
13936706
2707458
9411956
3039998
6029643
6608072
13105901
26509767
2065737
3975835
16157214
26853032
17939855
4412077
7433089
10920990
14260959
5599495
25140061
8858559
26323109
7585625
4483886
3516269
21534413
13663233
19667144
10744701
3708400
24607187
13780157
27361071
14469498
18931734
6924269
4490642
25296591
16052818
12969928
15895384
22235033
8639404
23618418
3222731
20368730
9665653
2397842
23337034
14103848
27365599
22798382
2740210
13010487
2810399
2125392
19194893
14396996
21438890
11927793
4979212
10130427
17731612
26068243
11184681
324487
13066616
22636262
23679366
13216440
214343
5188490
23499005
28430794
12368080
26725134
3235027
24659582
2948321
5571251
13141575
16490143
2290251
21970323
14817379
17015720
8230068
22994329
10370757
6103754
20557597
19454806
7272687
7254870
23493010
21464073
1479284
21471326
26587622
11948295
3963245
20095829
5862017
24627916
24131238
16695156
15392377
3802483
18730358
27762323
12979082
19853718
21511003
26235013
14513901
23165539
5503773
19031237
8106064
9333066
3737051
21138070
19825462
19189836
3452030
24700181
19634043
25487477
16867352
12497902
6419667
8796234
17405722
24751036
21036066
14051490
5395259
5384180
8241145
22005747
1767901
15146508
22236019
27420883
11345398
23167039
11133992
20911303
25993324
24960782
24851796
8413643
9032302
7003210
27278061
7761144
24086316
10134542
19783444
15057722
7951588
24807192
6619881
9116656
2659624
15270267
11938346
16742308
11999862
22239451
25246316
15845649
2090014
7125608
7807515
18038980
13677338
16225490
15466048
25034111
14508105
3415987
7374487
18697798
20080568
25947630
19662003
14721544
6045312
17830137
9989883
10270822
20627904
11529022
19617104
24973412
321259
23634725
16833694
25049864
5917964
9547274
18044791
13847760
4120672
19217979
23100523
28466377
7861659
17251474
8962536
8539808
20440970
4538412
15372179
18198479
1975194
7580747
638171
6588824
3721518
8768508
21430893
7596548
2613623
5744695
26580802
899097
23314201
28052322
8141505
19166663
23017605
23197337
10678820
8525938
28096750
22474995
4984275
14249583
24612179
10071449
26668327
11570873
10085341
25311492
11129091
12585702
3545332
16183324
11179157
5069511
4658185
10118205
6646466
569717
25201569
11045236
24785736
27077180
7293056
8191113
2376084
5957844
5491534
1253749
10249756
24971250
3574951
21426046
2105213
12999091
4030337
7486168
21181282
8310929
27968389
14974466
13857975
3986409
20318088
5291010
20202336
9139751
11741093
24230776
13980790
15600385
7001872
18436937
14897140
11536995
24204179
12863271
25172068
16171093
21020678
3474593
19767446
20943282
22989311
8584099
13587632
24568281
26076254
1363397
3073395
8000938
28166818
1704171
18473216
309748
19239021
15319123
14250909
221942
26127343
6485317
13503240
13464772
10097311
6135421
20995748
10650672
17003309
8769342
17973453
7414990
2863511
14012180
4488269
6041090
13366810
14823993
9314958
15313366
4197155
1451285
15053753
21343986
19888425
24538867
23610478
7157214
19894291
11396601
11482253
25081410
14781867
21877675
22083809
25779069
13051975
9839813
9466710
14194585
13679794
15603347
28585692
12780913
2719847
4473691
22536536
27496230
28818216
27461083
22224737
26459619
9374474
8763919
15878407
13802295
27818958
19870458
28797422
27149199
6826696
905013
16080256
4517966
19636763
1845367
13439267
26462944
19752955
23689275
14139088
22839747
18466664
16337273
10431127
16244102
15843667
10057842
21992720
2252484
13423684
11491254
20099631
5394662
15508988
584012
10535991
10713366
22270507
5566820
12073420
6127409
9624442
9181123
6826173
21816117
13417793
2245523
5929011
3505758
28557918
28261111
1690177
19274341
308515
688294
26516442
5380977
22349994
5631989
20619822
1258191
26975829
19129545
18998010
216677
12213542
8834345
4006351
1781878
19363285
22092435
23103483
4624993
25030835
20596603
2499335
15745903
17478159
4777624
3217456
23217909
10412141
13856042
25652545
2974829
9753499
4373582
15092734
14919498
14380119
10238382
1793463
15046982
5557370
25394404
18850904
28035949
4843913
22740661
5175508
11303501
23414751
13654351
2850999
10830112
4768271
17985785
24665414
425520
22220506
25675631
10213304
7528447
5667446
25127113
13941750
12811810
24464485
15129868
15094374
25033635
515170
5687863
18019874
2854743
84189
7272609
13251509
28630752
5689767
20745064
4311259
5065831
12114397
13069490
20585128
1967794
7706390
28633862
4593563
24403306
21004266
26852418
23651203
24172664
2046163
8673334
7480868
22918364
22207726
3166467
445757
20300228
24288973
8829398
27810570
489781
11566239
22577066
27276628
26511267
13386359
28345642
14250301
9478161
2563094
18678912
27743029
20517220
24832445
13298515
3493072
15569948
21557973
26699015
11541315
12045962
1033697
27199666
18011814
10286419
8607268
17553310
1811470
12889110
24197840
11379851
9889515
22162071
8670636
10427480
19012990
2922794
13825342
14197405
5179082
11706395
4219908
15170033
13871511
8512539
